0.459173
0.394437
0.40498
1
1
1
1
1
1
1
0.434108
0.411441
1
1
1
1
1
1
1
0.445579
0.455481
1
1
1
1
1
1
1
0.434108
0.411441
1
1
1
1
1
1
1
0.49672
1
1
1
1
1
1
1
0.393014
0.301221
0.28644
1
1
1
1
1
1
1
0.445579
0.455481
1
1
1
1
1
1
0.327897
0.248066
0.23644
1
1
1
1
1
1
0.400159
0.343296
0.354479
1
1
1
1
1
1
0.197663
0.141757
0.13644
1
1
1
1
1
1
0.223116
0.18987
0.202975
1
1
1
1
1
1
1
1
0.486443
1
1
1
1
1
1
0.193609
0.164299
0.177724
1
1
1
1
1
1
1
0.487263
0.461442
1
1
1
1
1
1
1
0.49672
1
1
1
1
1
1
1
0.458132
0.354377
0.336442
1
1
1
1
1
1
1
0.47115
0.480731
1
1
1
1
1
1
0.490692
0.380955
0.361443
1
1
1
1
1
1
1
0.395993
0.372556
1
1
1
1
1
1
1
0.449852
0.395687
1
1
1
1
1
1
0.449044
0.341979
0.322507
1
1
1
1
1
1
1
0.364803
0.319925
1
1
1
1
1
1
0.246478
0.179936
0.172359
1
1
1
1
1
1
0.374317
0.251404
0.218907
1
1
1
1
1
1
0.347761
0.260958
0.247433
1
1
1
1
1
1
0.299396
0.194703
0.168398
1
1
1
1
1
1
0.415283
0.314972
0.297482
1
1
1
1
1
1
1
0.449849
0.395684
1
1
1
1
1
1
1
0.477014
0.447629
1
1
1
1
1
1
1
1
0.496701
1
1
1
1
1
1
1
1
0.497678
1
1
1
1
1
1
1
0.478199
0.420939
1
1
1
1
1
1
1
1
0.497678
1
1
1
1
1
1
0.486691
0.336451
0.294668
1
1
1
1
1
1
1
0.393625
0.331935
1
1
1
1
1
1
0.224476
0.138003
0.117888
1
1
1
1
1
1
0.306876
0.183648
0.151899
1
1
1
1
1
1
1
0.493661
0.325638
1
1
1
1
1
1
0.22271
0.123654
0.10046
1
1
1
0.484966
1
1
0.479007
1
0.384689
1
1
1
1
1
1
1
0.453618
0.383373
1
1
1
0.484966
1
1
0.479007
1
0.384689
1
1
1
1
1
1
1
1
0.378855
1
1
1
0.432634
1
1
0.42647
1
0.384689
1
1
1
1
1
1
0.478235
0.488632
0.318757
0.480016
1
1
0.432637
1
1
0.426473
0.412189
0.266588
1
1
1
1
1
1
0.478236
1
0.378855
0.480017
1
1
0.432639
1
1
0.426476
0.249245
0.148486
1
1
1
1
1
1
0.478236
1
0.378855
0.480017
1
1
0.380307
1
1
0.37394
0.249245
0.148486
1
1
1
1
1
1
0.400005
0.488632
0.318757
0.400746
1
1
0.301809
0.427031
1
0.295136
0.249245
0.148486
1
1
1
1
1
1
0.400005
0.488632
0.318757
0.400746
1
1
0.35414
0.48978
1
0.34767
0.371453
0.237062
1
1
1
1
1
1
1
0.193167
0.108414
1
1
1
0.35414
0.48978
1
0.34767
0.371453
0.237062
1
1
1
1
1
1
0.455778
1
0.46935
0.457596
1
1
1
1
1
1
1
0.355164
1
1
1
1
1
1
1
1
0.439287
1
1
1
1
1
1
0.465023
0.46664
1
1
1
1
1
1
1
0.481852
1
0.469349
0.484027
1
1
1
1
1
0.465023
0.46664
1
1
1
1
1
1
1
0.221109
0.326956
0.228851
0.219705
0.32935
1
0.478226
1
1
0.207209
0.215252
0.268103
1
1
1
1
1
1
0.299331
0.362584
0.228851
0.299
0.425626
1
0.325445
1
1
0.104083
0.114696
0.156907
1
1
1
1
1
1